000376452
019331638
019716825
023523226
026575634
047937901
053723823
054689818
060461798
066623798
068921657
070039801
075968682
080366907
099471724
103906636
116560948
122384753
133583760
133732465
137140346
142429995
144614362
146765832
157312338
178652876
179679021
182717769
186744552
196643759
203118209
207458490
232300373
238733588
240057419
245046969
261961526
264826713
278173593
283703642
288836442
298552717
303650119
303679377
329203015
333633534
335969140
338331898
341005965
344403391
345532362
345711111
360365467
371787586
403483127
409767358
417608763
428692424
435177837
443386075
444009175
444824384
444856775
449948088
458395358
458992502
459469706
465188257
470969114
493136919
496028554
498204093
500512941
505624757
513411509
517420676
519038055
521010584
535690961
538635824
540504648
552402808
555598977
562240907
566790977
571528093
571691134
581485565
584131211
585592258
588453182
595078887
603773205
605477783
625242776
627409050
638507614
649030998
660889614
672631957
695313886
707396907
709568499
712349288
722340990
774355358
783608165
784579333
785118011
794520892
794757493
802266043
821598786
825305207
839660397
850456266
854639257
857492913
864800168
864903444
869228521
888343697
891111720
901646669
902565063
909870925
916867153
919890418
921100697
921700624
922656395
923624755
925182676
940991832
941639822
943890632
949479473
952557971
952562518
957863211
965749816
966802501
974302420
986299633
993739832
998010841
