196813321
901902673
443747203
995085639
504255741
439316132
748898953
365152993
935242888
098478401
041568557
379265040
720191326
481180823
379328590
270248278
369180476
467493059
849892554
160368405
759649640
749707404
725212240
261909800
145913242
598061365
711399986
550498615
955211327
012792031
582608707
719169417
603857024
347314780
861566452
422796269
860185780
060872705
110587591
720947477
734011962
427846174
276412623
366279483
277025138
325341136
233324442
508010840
435284689
329595735
705547661
391164962
776879494
590925889
743762597
436182023
748178210
023811919
575312578
082023978
541246889
900864528
240734431
524563238
533750836
294486286
550308160
121622899
446195045
752351715
995579879
668775716
975998555
268626508
010118886
516021633
376844271
515818293
437700816
987171635
231174837
952429904
825813528
602876255
066220869
103404645
465862510
744842908
167486514
744146234
163617686
055276216
066808217
877886475
100018396
824374954
593004103
253411771
720580888
376056179
660633193
986588609
208920927
830772483
455455674
948340253
283120638
960873277
413042757
