004491022
012280313
019189007
023810699
024753569
045797225
052291532
065273220
087568134
114257646
119836214
119976970
122933978
124246405
134347466
138824233
140350872
151148377
163143479
167534879
175680803
179450562
187420373
201493740
202307949
203092036
203869608
207745253
209704705
214269182
228647129
230126542
239218933
254130482
276475696
284100136
294278752
301910238
305219177
323614804
323633309
323800340
349005578
351193838
354299278
360023784
366564829
378564722
390059981
393428654
396346898
407083955
411999066
412738248
431736314
458853138
463040386
477392500
480118414
481543775
488677423
500354770
513269945
519811034
526821222
558298237
560114521
572856223
573846775
578067130
605226982
609190776
631148650
638095077
638833268
649155435
660960864
672570476
672684144
674689278
680275371
681524883
701032716
704822548
706238398
711000628
723107855
730743014
752527954
756547393
758427142
765800868
771254731
780637913
804353565
809444854
834274275
840036620
854270140
860603186
867745871
885310204
887517504
895328263
905517188
927486024
951935752
952302150
962503449
998397471
