428174754
673101900
542653119
263176403
669934362
344579936
963244559
487581942
056152788
298965555
852733173
606063383
054772150
702191493
548443747
559164304
504720990
794083584
811319990
792363880
520488655
974618690
797718118
338609508
000397457
455983592
231465818
436802248
592544044
667366735
751260284
447774493
770138394
266767713
795597970
830159282
447131454
970714830
990784973
794741423
980317126
403387863
313747481
729493053
299010342
366017426
238595291
681419273
626420688
567534228
812495613
545493422
206598006
950469439
595176235
997901908
711524353
218826475
064795336
587103894
817170429
401418620
814077138
657587386
035409718
608015630
007451662
816873517
666537589
900417305
678715541
991103611
055732693
135587247
566823412
487098435
053108024
071945591
324609635
599588733
112766464
403248375
382046553
246677020
377972846
894244355
612867405
791448020
324314185
045742134
449777561
020831108
377765775
005299686
098402372
079326489
774927360
489924650
896658324
965992433
115221713
518118828
965004709
351883935
014620949
182954901
371589455
219920559
