015886373
022628803
036834202
044738529
046462958
049545287
052775697
060302882
066600547
085379960
091175959
095858410
107283816
108848397
115309157
123826218
125846988
127239785
135419416
140221727
155898674
166484594
176570136
180609462
185158240
185584839
196790048
223033515
231182000
231272563
263279470
270621709
273045702
275640573
277478700
286994411
292053557
294130973
294575454
295531112
301482841
302534707
321988239
324911069
333358302
340154661
342516480
355845557
357783510
358818523
360338878
379154282
390288185
398917662
402724337
407172691
456780584
462359228
468114559
475436079
484348379
492550462
499158950
499730751
508020227
510405018
532234974
536517684
541149249
541225575
549048489
557735933
563332371
564463930
565978660
581706955
596802647
599024688
602331007
605329659
616744924
620012600
623695470
627915223
632099620
632534809
638464004
638702717
640258444
647378425
650283637
662967106
683396204
686606995
687375073
688326183
694031405
695796605
698278208
701237300
723576954
724497930
724899724
737197079
741466503
750323513
757978440
759594536
763936324
765854621
784978109
785147153
791592173
792645912
794137881
814148447
847449750
857338769
861713808
863965150
866224827
872398849
872398849
876115243
895677944
897898314
898075311
908013755
911385577
914539440
922962568
961033260
962113087
962662872
969705276
971658011
982181820
985853297
